# ==== Angles for angles.txt calibration 126 points for v01 =========
-64.00  -14.00
-64.00  -11.00
-64.00   -8.00
-64.00   -5.00
-64.00   -2.00
-64.00    1.00
-64.00    4.00
-64.00    7.00
-64.00   10.00
-61.00  -14.00
-61.00  -11.00
-61.00   -8.00
-61.00   -5.00
-61.00   -2.00
-61.00    1.00
-61.00    4.00
-61.00    7.00
-61.00   10.00
-58.00  -14.00
-58.00  -11.00
-58.00   -8.00
-58.00   -5.00
-58.00   -2.00
-58.00    1.00
-58.00    4.00
-58.00    7.00
-58.00   10.00
-55.00  -14.00
-55.00  -11.00
-55.00   -8.00
-55.00   -5.00
-55.00   -2.00
-55.00    1.00
-55.00    4.00
-55.00    7.00
-55.00   10.00
-52.00  -14.00
-52.00  -11.00
-52.00   -8.00
-52.00   -5.00
-52.00   -2.00
-52.00    1.00
-52.00    4.00
-52.00    7.00
-52.00   10.00
-49.00  -14.00
-49.00  -11.00
-49.00   -8.00
-49.00   -5.00
-49.00   -2.00
-49.00    1.00
-49.00    4.00
-49.00    7.00
-49.00   10.00
-46.00  -14.00
-46.00  -11.00
-46.00   -8.00
-46.00   -5.00
-46.00   -2.00
-46.00    1.00
-46.00    4.00
-46.00    7.00
-46.00   10.00
-43.00  -14.00
-43.00  -11.00
-43.00   -8.00
-43.00   -5.00
-43.00   -2.00
-43.00    1.00
-43.00    4.00
-43.00    7.00
-43.00   10.00
-40.00  -14.00
-40.00  -11.00
-40.00   -8.00
-40.00   -5.00
-40.00   -2.00
-40.00    1.00
-40.00    4.00
-40.00    7.00
-40.00   10.00
-37.00  -14.00
-37.00  -11.00
-37.00   -8.00
-37.00   -5.00
-37.00   -2.00
-37.00    1.00
-37.00    4.00
-37.00    7.00
-37.00   10.00
-34.00  -14.00
-34.00  -11.00
-34.00   -8.00
-34.00   -5.00
-34.00   -2.00
-34.00    1.00
-34.00    4.00
-34.00    7.00
-34.00   10.00
-31.00  -14.00
-31.00  -11.00
-31.00   -8.00
-31.00   -5.00
-31.00   -2.00
-31.00    1.00
-31.00    4.00
-31.00    7.00
-31.00   10.00
-28.00  -14.00
-28.00  -11.00
-28.00   -8.00
-28.00   -5.00
-28.00   -2.00
-28.00    1.00
-28.00    4.00
-28.00    7.00
-28.00   10.00
-25.00  -14.00
-25.00  -11.00
-25.00   -8.00
-25.00   -5.00
-25.00   -2.00
-25.00    1.00
-25.00    4.00
-25.00    7.00
-25.00   10.00
