# ==== Angles for angles.txt calibration 260 points for v01 =========
-64.00  -14.00
-64.00  -12.00
-64.00  -10.00
-64.00   -8.00
-64.00   -6.00
-64.00   -4.00
-64.00   -2.00
-64.00    0.00
-64.00    2.00
-64.00    4.00
-64.00    6.00
-64.00    8.00
-64.00   10.00
-62.00  -14.00
-62.00  -12.00
-62.00  -10.00
-62.00   -8.00
-62.00   -6.00
-62.00   -4.00
-62.00   -2.00
-62.00    0.00
-62.00    2.00
-62.00    4.00
-62.00    6.00
-62.00    8.00
-62.00   10.00
-60.00  -14.00
-60.00  -12.00
-60.00  -10.00
-60.00   -8.00
-60.00   -6.00
-60.00   -4.00
-60.00   -2.00
-60.00    0.00
-60.00    2.00
-60.00    4.00
-60.00    6.00
-60.00    8.00
-60.00   10.00
-58.00  -14.00
-58.00  -12.00
-58.00  -10.00
-58.00   -8.00
-58.00   -6.00
-58.00   -4.00
-58.00   -2.00
-58.00    0.00
-58.00    2.00
-58.00    4.00
-58.00    6.00
-58.00    8.00
-58.00   10.00
-56.00  -14.00
-56.00  -12.00
-56.00  -10.00
-56.00   -8.00
-56.00   -6.00
-56.00   -4.00
-56.00   -2.00
-56.00    0.00
-56.00    2.00
-56.00    4.00
-56.00    6.00
-56.00    8.00
-56.00   10.00
-54.00  -14.00
-54.00  -12.00
-54.00  -10.00
-54.00   -8.00
-54.00   -6.00
-54.00   -4.00
-54.00   -2.00
-54.00    0.00
-54.00    2.00
-54.00    4.00
-54.00    6.00
-54.00    8.00
-54.00   10.00
-52.00  -14.00
-52.00  -12.00
-52.00  -10.00
-52.00   -8.00
-52.00   -6.00
-52.00   -4.00
-52.00   -2.00
-52.00    0.00
-52.00    2.00
-52.00    4.00
-52.00    6.00
-52.00    8.00
-52.00   10.00
-50.00  -14.00
-50.00  -12.00
-50.00  -10.00
-50.00   -8.00
-50.00   -6.00
-50.00   -4.00
-50.00   -2.00
-50.00    0.00
-50.00    2.00
-50.00    4.00
-50.00    6.00
-50.00    8.00
-50.00   10.00
-48.00  -14.00
-48.00  -12.00
-48.00  -10.00
-48.00   -8.00
-48.00   -6.00
-48.00   -4.00
-48.00   -2.00
-48.00    0.00
-48.00    2.00
-48.00    4.00
-48.00    6.00
-48.00    8.00
-48.00   10.00
-46.00  -14.00
-46.00  -12.00
-46.00  -10.00
-46.00   -8.00
-46.00   -6.00
-46.00   -4.00
-46.00   -2.00
-46.00    0.00
-46.00    2.00
-46.00    4.00
-46.00    6.00
-46.00    8.00
-46.00   10.00
-44.00  -14.00
-44.00  -12.00
-44.00  -10.00
-44.00   -8.00
-44.00   -6.00
-44.00   -4.00
-44.00   -2.00
-44.00    0.00
-44.00    2.00
-44.00    4.00
-44.00    6.00
-44.00    8.00
-44.00   10.00
-42.00  -14.00
-42.00  -12.00
-42.00  -10.00
-42.00   -8.00
-42.00   -6.00
-42.00   -4.00
-42.00   -2.00
-42.00    0.00
-42.00    2.00
-42.00    4.00
-42.00    6.00
-42.00    8.00
-42.00   10.00
-40.00  -14.00
-40.00  -12.00
-40.00  -10.00
-40.00   -8.00
-40.00   -6.00
-40.00   -4.00
-40.00   -2.00
-40.00    0.00
-40.00    2.00
-40.00    4.00
-40.00    6.00
-40.00    8.00
-40.00   10.00
-38.00  -14.00
-38.00  -12.00
-38.00  -10.00
-38.00   -8.00
-38.00   -6.00
-38.00   -4.00
-38.00   -2.00
-38.00    0.00
-38.00    2.00
-38.00    4.00
-38.00    6.00
-38.00    8.00
-38.00   10.00
-36.00  -14.00
-36.00  -12.00
-36.00  -10.00
-36.00   -8.00
-36.00   -6.00
-36.00   -4.00
-36.00   -2.00
-36.00    0.00
-36.00    2.00
-36.00    4.00
-36.00    6.00
-36.00    8.00
-36.00   10.00
-34.00  -14.00
-34.00  -12.00
-34.00  -10.00
-34.00   -8.00
-34.00   -6.00
-34.00   -4.00
-34.00   -2.00
-34.00    0.00
-34.00    2.00
-34.00    4.00
-34.00    6.00
-34.00    8.00
-34.00   10.00
-32.00  -14.00
-32.00  -12.00
-32.00  -10.00
-32.00   -8.00
-32.00   -6.00
-32.00   -4.00
-32.00   -2.00
-32.00    0.00
-32.00    2.00
-32.00    4.00
-32.00    6.00
-32.00    8.00
-32.00   10.00
-30.00  -14.00
-30.00  -12.00
-30.00  -10.00
-30.00   -8.00
-30.00   -6.00
-30.00   -4.00
-30.00   -2.00
-30.00    0.00
-30.00    2.00
-30.00    4.00
-30.00    6.00
-30.00    8.00
-30.00   10.00
-28.00  -14.00
-28.00  -12.00
-28.00  -10.00
-28.00   -8.00
-28.00   -6.00
-28.00   -4.00
-28.00   -2.00
-28.00    0.00
-28.00    2.00
-28.00    4.00
-28.00    6.00
-28.00    8.00
-28.00   10.00
-26.00  -14.00
-26.00  -12.00
-26.00  -10.00
-26.00   -8.00
-26.00   -6.00
-26.00   -4.00
-26.00   -2.00
-26.00    0.00
-26.00    2.00
-26.00    4.00
-26.00    6.00
-26.00    8.00
-26.00   10.00
